Epoch	Time(sec)	Loss_train	Loss_val	pearson	MAE	MSE	RMSE	r2
2	2721.9966149181128	5.525387287139893	3.1866397857666016	0.09479625523090363	1.1116025	3.1866395	1.7851161159286033	-0.2556010505633812
3	4082.910578034818	5.128861427307129	2.53035306930542	0.11916442215442657	1.0864472	2.530353	1.5907083545720817	0.0029892107362854414
5	6814.9629644826055	4.75570821762085	2.4944205284118652	0.1472984403371811	1.1047862	2.4944205	1.5793734607153134	0.017147459970589307
6	8185.427829571068	4.585394859313965	2.5029525756835938	0.1545638144016266	1.1393592	2.5029523	1.5820721656312062	0.013785669233823072
7	9550.070016898215	4.4600725173950195	2.493607997894287	0.18231789767742157	1.140399	2.493608	1.5791162078499121	0.0174675729085203
8	10920.704395279288	4.2970428466796875	2.485597848892212	0.20544745028018951	1.143317	2.4855976	1.5765778161808675	0.020623817193608396
9	12290.594197586179	4.207385063171387	2.477855920791626	0.20703622698783875	1.1400135	2.477856	1.5741206817749476	0.02367422994050916
10	13664.677913323045	4.1922993659973145	2.4735305309295654	0.2245844304561615	1.1489501	2.4735305	1.5727461749848783	0.025378522030251593
13	17784.941124871373	4.237676620483398	2.4368810653686523	0.22691768407821655	1.1329293	2.4368808	1.5610511929306077	0.039819268755119874
