Epoch	Time(sec)	Loss_train	Loss_val	pearson	mae	mse	rmse	r2
1	3758.4317613737658	2.745384693145752	15.620104789733887	0.6100142002105713	3.2321658	15.620104	3.952227705492128	-1.482637319528164
2	7160.190910457633	2.7399234771728516	14.653141975402832	0.5854362845420837	3.1101434	14.653144	3.827942512989382	-1.3289498998666076
3	10852.96651276201	2.616039514541626	12.990797996520996	0.5505905747413635	2.9058743	12.990798	3.604274961281533	-1.0647392491317071
5	18721.179768590257	2.409029006958008	11.576760292053223	0.597933292388916	2.7452867	11.57676	3.402463856097993	-0.8399938516031713
7	27157.849465728737	2.2892086505889893	11.56193733215332	0.6392737030982971	2.7834737	11.561938	3.400285030086101	-0.8376379184768064
8	31499.822698749602	2.0323750972747803	11.162354469299316	0.6666600108146667	2.7483027	11.162354	3.341010995088061	-0.7741288324188971
9	35956.18670899421	2.1053390502929688	10.956357955932617	0.6686136722564697	2.7156937	10.956359	3.3100391099814717	-0.7413882094846893
10	40474.10488620214	1.9370921850204468	10.508182525634766	0.6775029301643372	2.6623926	10.508183	3.2416326944357476	-0.6701556195446696
11	45043.73800276313	1.9379526376724243	10.484726905822754	0.6659306287765503	2.6578302	10.484727	3.2380128019856182	-0.6664276833565685
