Epoch	Time(sec)	Loss_train	Loss_val	pearson	MAE	MSE	RMSE	r2
1	1294.843278348446	5.240385055541992	5.079793930053711	0.2959597110748291	1.302958	5.079794	2.2538398190762607	-0.3177046367979883
2	2599.316813118756	4.9817728996276855	4.230936050415039	0.2975609302520752	1.1677158	4.2309356	2.0569238132653043	-0.09750976430577851
3	3911.074885584414	4.5003485679626465	3.919309139251709	0.23084363341331482	1.174856	3.919309	1.9797244507337706	-0.016673424564176642
4	5221.348316974938	4.454885959625244	3.8572723865509033	0.16742448508739471	1.2007858	3.8572724	1.9639939884202557	-0.0005810170820188532
5	6530.312747165561	4.2271318435668945	3.78406023979187	0.20157141983509064	1.2514486	3.78406	1.945266048995173	0.01841028855781457
6	7839.522610642016	4.206602573394775	3.748460531234741	0.25789135694503784	1.27624	3.7484605	1.9360941431745362	0.02764484848499682
7	9146.69403359294	4.176461219787598	3.7432351112365723	0.23620273172855377	1.2760099	3.7432353	1.9347442594966269	0.02900029138030491
8	10456.777508154511	4.059865474700928	3.731367349624634	0.21724800765514374	1.2629898	3.7313676	1.9316748142591735	0.0320787864059181
9	11759.02058556676	3.8458871841430664	3.7021119594573975	0.21703732013702393	1.3002213	3.702112	1.9240873055704613	0.03966772228805082
